# Created by Octave 3.2.4, Sun Jun 19 19:17:58 2011 CEST <harish@megatr0n.local>
# name: table
# type: matrix
# rows: 100
# columns: 4
 0 1 0 0
 0.06060606060606061 0.8848236502375759 0.1117105942553957 0.003465755282070362
 0.1212121212121212 0.7829128870541515 0.2040303002189883 0.01305681195076937
 0.1818181818181818 0.6927398217460349 0.2795735661099835 0.02768661270066004
 0.2424242424242424 0.6129525620930252 0.3406314225624397 0.04641601768986763
 0.303030303030303 0.5423549062172395 0.3892101008350479 0.06843499556404678
 0.3636363636363636 0.4798884462313099 0.4270649943782379 0.0930465613739227
 0.4242424242424243 0.4246166561773463 0.4557307798366729 0.1196525671044045
 0.4848484848484849 0.3757108767197476 0.4765478717507772 0.1477412526977945
 0.5454545454545454 0.3324378715402849 0.4906858693995104 0.1768762560534257
 0.6060606060606061 0.294148894982694 0.4991640811032068 0.2066870204015343
 0.6666666666666667 0.2602699015941372 0.5028698376585192 0.2368602550888644
 0.7272727272727273 0.2302929666003687 0.5025745180349759 0.2671325086862638
 0.7878787878787878 0.2037686657151777 0.4989477048796234 0.2972836215772867
 0.8484848484848485 0.1802993365013421 0.4925696720880519 0.3271309825381893
 0.9090909090909092 0.1595331188589684 0.4839423772956141 0.3565244941441632
 0.9696969696969697 0.1411586780994518 0.4734991554922304 0.3853421559275111
 1.03030303030303 0.1249005381922873 0.4616132535957587 0.4134861976998191
 1.090909090909091 0.110514951319496 0.4486053441921076 0.440879693978188
 1.151515151515152 0.09778624367834708 0.4347501423075281 0.46746360348926
 1.212121212121212 0.08652358198182404 0.4202822252185753 0.4931941822884565
 1.272727272727273 0.07655811242787401 0.4054011514716823 0.5180407255814786
 1.333333333333333 0.0677404292382837 0.3902759615644782 0.5419835986817299
 1.393939393939394 0.0599383345272766 0.3750491331148086 0.5650125218413041
 1.454545454545455 0.05303485653022068 0.359840054326774 0.5871250786265697
 1.515151515151515 0.04692649586145942 0.3447480735210215 0.608325420101175
 1.575757575757576 0.04152167419631945 0.3298551738852098 0.6286231414020552
 1.636363636363636 0.03673936363209267 0.3152283150285566 0.6480323108235154
 1.696969696969697 0.03250786376024403 0.3009215032871139 0.6665706224371429
 1.757575757575758 0.02876373111365737 0.2869775833354625 0.6842586750353135
 1.818181818181818 0.02545083200523693 0.2734298053798447 0.7011193520993104
 1.878787878787879 0.02251950103962298 0.2603032014326869 0.7171772870121386
 1.939393939393939 0.01992578994074386 0.2476157991296242 0.7324584004140856
 2 0.01763081212774463 0.2353796638877911 0.7469895134688964
 2.060606060606061 0.01560016155326328 0.2236018092987518 0.7607980186324201
 2.121212121212121 0.01380339360392711 0.2122849981691614 0.7739115977113544
 2.181818181818182 0.01221357064987488 0.2014284301326803 0.7863579887018844
 2.242424242424243 0.01080685755448198 0.1910283424808745 0.7981647894490809
 2.303030303030303 0.009562164237678354 0.1810785299430632 0.8093592953036973
 2.363636363636364 0.008460830207355141 0.1715707928288419 0.8199683664482422
 2.424242424242424 0.007486343585568372 0.1624953268489486 0.8300183190499215
 2.484848484848485 0.006624094662217056 0.1538410551235747 0.8395348396986467
 2.545454545454545 0.005861156393709193 0.1455959157092909 0.8485429173814387
 2.606060606060606 0.005186090381685298 0.1377471074553037 0.8570667916474497
 2.666666666666667 0.004588776400381907 0.1302812978971946 0.8651299151868621
 2.727272727272728 0.004060260703108021 0.1231848013733381 0.8727549274079925
 2.787878787878788 0.003592619795584736 0.1164437329178197 0.8799636367710343
 2.848484848484849 0.003178840591796877 0.1100441368200371 0.8867770120726047
 2.909090909090909 0.00281271757552841 0.1039720892601031 0.8932151826488073
 2.96969696969697 0.002488761649704355 0.09821378374558191 0.8992974440891526
 3.03030303030303 0.002202117125335917 0.09275560504073119 0.9050422673183718
 3.090909090909091 0.001948487483442027 0.08758419087647155 0.9104673111245254
 3.151515151515151 0.001724070032592253 0.08268648108046693 0.9155894383713797
 3.212121212121212 0.001525499808130904 0.07804975385249634 0.9204247358238118
 3.272727272727273 0.001349799732484318 0.07366165398710831 0.9249885357648463
 3.333333333333333 0.001194335894151078 0.06951021487683313 0.9292954387134547
 3.393939393939394 0.001056777740160948 0.06558387460755592 0.933359337136722
 3.454545454545455 0.0009350629914794896 0.0618714864386625 0.9371934400542968
 3.515151515151515 0.0008273667988094692 0.05836232443100406 0.9408102982546254
 3.575757575757576 0.0007320745128256414 0.05504608520509501 0.9442218297665183
 3.636363636363637 0.0006477575201661205 0.05191288667141858 0.9474393452928541
 3.696969696969697 0.0005731517832033394 0.04895326426721248 0.9504735734340231
 3.757575757575758 0.0005071388555882078 0.04615816502122092 0.9533346856076297
 3.818181818181818 0.0004487289838759898 0.04351893989267948 0.9560323206078833
 3.878787878787879 0.0003970464706032546 0.04102733437282761 0.9585756086410079
 3.939393939393939 0.0003513164943816219 0.03867547820721132 0.9609731947828458
 4 0.0003108534811742595 0.03645587423951611 0.9632332617637485
 4.060606060606061 0.0002750508126910895 0.03436138661081403 0.9653635520609337
 4.121212121212121 0.0002433717312239787 0.03238522847990188 0.9673713892733132
 4.181818181818182 0.0002153412985420246 0.03052094943433702 0.9692636987515602
 4.242424242424242 0.0001905392796724997 0.02876242274080819 0.9710470274639585
 4.303030303030303 0.0001685938423757952 0.02710383255172664 0.9727275630903369
 4.363636363636363 0.0001491759802722017 0.02553966115839891 0.9743111523457684
 4.424242424242425 0.0001319945790818593 0.02406467636425921 0.9758033185410985
 4.484848484848485 0.000116792053127518 0.0226739190416887 0.9772092783896233
 4.545454545454546 0.0001033404929019598 0.02136269093231342 0.9785339580592242
 4.606060606060606 9.143847812883107e-05 0.02012654289755283 0.979782008108758
 4.666666666666667 8.09074278769396e-05 0.0189612628886013 0.9809578191679615
 4.727272727272728 7.158983932614698e-05 0.01786286534154989 0.9820655343035638
 4.787878787878788 6.334538074175651e-05 0.01682757911379554 0.9831090649899027
 4.848484848484849 5.605035082328431e-05 0.01585183796088295 0.984092101172734
 4.909090909090909 4.959558691279717e-05 0.01493227055002501 0.9850181233475029
 4.96969696969697 4.38837881767463e-05 0.01406568917142143 0.9858904165248432
 5.03030303030303 3.882976409781254e-05 0.0132490826938911 0.9867120770264529
 5.090909090909091 3.435772685073624e-05 0.01247960557266805 0.9874860261849234
 5.151515151515151 3.04007239430236e-05 0.01175457024047717 0.9882150185200221
 5.212121212121212 2.689961774523754e-05 0.01107143901016147 0.9889016508565357
 5.272727272727272 2.380167862603926e-05 0.01042781487137528 0.9895483729344412
 5.333333333333334 2.106058358221281e-05 0.009821435795274199 0.9901574931055862
 5.393939393939394 1.863513364579723e-05 0.009250166189122734 0.9907311881616742
 5.454545454545455 1.648895460738956e-05 0.008711990584179685 0.9912715099456558
 5.515151515151516 1.458996466363733e-05 0.008205007687818905 0.9917803918319605
 5.575757575757576 1.290963972236569e-05 0.007727422878154406 0.9922596569665664
 5.636363636363637 1.142285084145272e-05 0.007277543823569019 0.9927110228100328
 5.696969696969697 1.010732398951926e-05 0.00685377402289289 0.9931361081375608
 5.757575757575758 8.94328625361562e-06 0.006454607461208111 0.9935364387369815
 5.818181818181818 7.913341061775417e-06 0.006078624432439426 0.993913451710942
 5.878787878787879 7.001984307293859e-06 0.005724485569960359 0.9942685019301756
 5.939393939393939 6.195579546304645e-06 0.005390928412400409 0.9946028654924967
 6 5.482054829951368e-06 0.005076762766077092 0.9949177446635363
